16125033
16125034
16125035
16125038
16125042
16125043
16125050
16125052
16125053
16125054
16125056
16125057
16125058
16125060
16125061
16125062
16125063
16126002
16126003
16126004
16126006
16126007
16126008
16126009
16126010
16126011
16126012
16126013
16126014
16126015
16126016
16126017
16126018
16126030
16126031
16126032
16126033
16126034
16126035
16126036
16126037
16126038
16126039
16126040
16126041
16126042
16126043
16126044
16126050
16126051
16126052
16126053
16127001
16127003
16127004
16127005
16127006
16127007
16127008
16127009
16127010
16127011
16127012
16127013
16127014
16127015
16127016
16127017
16127018
16127019
16127020
16127021
16127022
16127023
16127024
16127025
16127026
16127027
16127028
16127029
16127030
16127031
16127032
16127033
16127047
16127048
16127049
16127051
16127052
16127053
16127054
16127055
16128001
16128002
16128003
16128005
16128006
16128007
16128008
16128009
16128010
16128011
16128012
16128013
16128014
16128015
16128016
16128017
16128018
16128020
16128021
16128022
16128028
16128029
16128030
16128031
16128032
16128034
16128035
16128036
16128037
16128038
16128039
16128040
16128041
16128042
16128043
16128044
16128047
16128048
16128049
16128050
16128051
16128052
16128053
16128054
16128055
16128056
16128057
16128058
16128059
16128060
16128061
16128062
16128064
16128065
16129001
16129002
16129003
16129004
16129005
16129006
16129007
16129008
16129009
16129010
16129011
16129012
16129013
16129014
16129015
16129016
16129017
16129018
16129019
16129022
16129023
16129025
16129028
16129029
16129030
16129031
16129032
16129033
16129034
16129035
16129036
16129037
16129038
16129039
16129043
16129044
16129045
16129046
16129047
16129048
16129049
16129050
16129051
16130001
16130002
16130003
16130004
16130005
16130012
16130013
16130014
16130015
16130016
16130017
16130032
16130033
16130034
16130035
16130036
16130037
16130038
16130039
16130040
16130041
16130042
16130043
16130044
16130045
16130046
16130047
16130048
16130049
16130051
16130052
16130053
16131004
16131005
16131006
16131007
16131008
16131009
16131010
16131011
16131012
16131013
16131014
16131015
16131026
16131028
16131029
16131030
16131031
16131032
16131033
16131034
16131036
16131037
16131039
16131040
16131041
16131042
16131043
16131044
16131045
16131046
16131047
16131048
16131049
16131050
16131054
16131055
16132001
16132002
16132003
16132004
16132021
16132022
16132023
16132024
16132025
16132026
16132027
16132028
16132029
16132030
16132032
16132033
16132046
16132047
16132048
16132049
16132050
16132051
16132052
16132053
16132054
16133001
16133002
16133003
16133004
16133005
16133006
16133007
16133008
16133009
16133010
16133011
16133012
16133013
16133014
16133085
16133086
16133087
16133088
16133089
16133090
16133091
16133092
16133093
16134001
16134002
16134003
16134004
16134005
16134006
16134010
16134011
16134012
16134013
16134014
16134015
16134016
16134017
16134018
16134019
16134028
16134029
16134030
16134031
16134042
16134043
16134044
16134045
16134046
16134047
16134048
16134049
16134050
16134051
16134052
16134053
16134054
16134055
16134056
16135001
16135002
16135003
16135004
16135005
16135006
16135007
16135008
16135009
16135010
16135011
16135012
16135013
16135014
16135015
16135024
16135025
16135026
16135027
16135028
16135029
16135030
16135031
16135032
16135033
16135034
16135035
16135036
16135037
16135038
16135039
16135040
16135041
16135042
16135043
16135044
16135047
16135048
16135049
16135050
16135051
16135053
16135054
16135055
16135056
16135057
16135061
16136001
16136002
16136003
16136004
16136005
16136010
16136011
16136013
16136014
16136015
16136016
16136017
16136018
16136019
16136020
16136021
16136022
16136023
16136024
16136025
16136026
16136035
16136036
16136037
16136038
16136039
16136040
16136041
16136042
16136043
16136044
16136045
16136046
16136047
16136048
16136049
16136050
16136051
16136052
16136053
16136054
16136057
16137001
16137002
16137003
16137004
16137005
16137006
16137007
16137008
16137009
16137010
16137011
16137012
16137013
16137014
16137017
16137018
16137019
16137020
16137021
16137022
16137023
16137024
16137025
16137026
16137027
16137028
16137029
16137030
16137031
16137032
16137033
16137034
16137038
16137039
16137040
16137041
16137042
16137043
16137044
16137045
16137046
16137047
16137048
16137049
16137050
16137051
16137052
16138001
16138012
16138013
16138014
16138015
16138016
16138017
16138018
16138019
16138020
16138021
16138022
16138023
16138024
16138025
16138026
16138027
16138028
16138029
16138030
16138040
16138042
16138043
16138044
16138045
16138046
16138047
16138048
16138049
16138050
16138051
16138052
16138053
16138054
16138055
16138056
16138059
16138060
16138061
16138062
16138063
16138064
16138065
16138066
16139001
16139002
16139003
16139004
16139005
16139006
16139007
16139008
16139009
16139010
16139011
16139012
16139013
16139014
16139018
16139019
16139020
16139021
16139022
16139023
16139024
16139025
16139026
16139027
16139028
16139029
16139030
16139031
16139032
16139033
16139034
16139054
16139055
16139056
16139057
16140001
16140002
16140003
16140004
16140007
16140008
16140009
16140010
16140011
16140012
16140013
16140014
16140015
16140016
16140017
16141003
16141004
16141005
16141006
16141007
16141008
16141009
16141010
16141011
16141012
16141013
16141014
16141015
16141016
16141017
16141018
16141019
16141020
16141021
16141022
16141026
16141029
16141031
16141032
16141033
16141034
16141035
16141036
16141037
16141038
16141039
16141040
16141041
16141049
16141050
16142001
16142002
16142003
16142004
16142005
16142006
16142007
16142008
16142009
16142010
16142011
16142012
16142013
16142014
16142015
16142016
16142018
16142019
16142022
16142023
16142024
16142025
16142026
16142027
16142028
16142029
16142030
16142032
16142033
16142034
16142035
16142036
16142037
16142038
16142039
16142040
16142041
16142042
16142043
16142044
16142045
16142046
16142047
16142048
16142049
16142050
16142060
16142061
16142062
16142064
16142065
16142066
16142067
16142068
16142069
16142070
16142071
16142072
16142073
16142074
16142075
16142076
16142077
16142078
16142079
16142080
16142081
16143002
16143003
16143004
16143005
16143006
16143007
16143008
16143009
16143010
16143011
16143012
16143013
16143014
16143015
16143016
16143017
16143018
16143019
16143020
16143021
16143022
16143023
16143027
16143029
16143031
16143032
16143033
16143034
16143035
16143036
16143037
16143038
16143039
16143040
16143041
16143042
16143043
16143044
16143045
16143046
16143052
16143053
16143054
16143055
16143056
16143057
16143058
16143059
16144001
16144002
16144003
16144004
16144005
16144006
16144007
16144008
16144012
16144013
16144014
16144015
16144016
16144017
16144018
16144019
16144020
16144021
16144022
16144023
16144024
16144025
16144026
16144027
16144031
16144034
16144036
16144037
16144038
16144039
16144040
16144041
16144042
16144043
16144054
16144055
16144056
16144057
16144058
16144059
16144060
16144061
16144062
16144063
16144064
16144065
16144066
16144067
16144070
16144071
16144072
16144073
16144074
16144075
16144076
16145001
16145002
16145003
16145004
16145008
16145009
16145010
16145011
16145012
16145013
16145014
16145015
16145016
16145017
16145018
16145019
16145020
16145021
16145022
16145023
16145024
16145025
16145033
16145035
16145036
16145037
16145039
16145040
16145041
16145042
16145043
16145044
16145045
16145046
16145047
16145048
16145049
16145050
16145051
16145055
16145056
16145057
16145058
16145059
16145060
16145061
16146001
16146002
16146003
16146004
16146005
16146006
16146007
16146008
16146009
16146014
16146015
16146016
16146028
16146050
16146051
16146052
16146096
16146097
16146098
16146099
16146100
16146103
16146106
16146107
16146109
16146110
16146111
16146112
16146113
16146114
16146115
16146116
16146117
16146118
16146119
16146120
16147001
16147006
16147007
16147008
16147009
16147010
16147011
16147012
16147013
16147014
16147015
16147016
16147055
16147056
16147057
16147058
16147059
16147060
16147061
16147062
16147063
16147064
16147065
16147066
16147067
16147068
16147069
16147070
16147071
16148002
16148003
16148004
16148005
16148006
16148007
16148008
16148009
16148010
16148011
16148012
16148013
16148016
16148017
16148018
16148019
16148020
16148021
16148022
16148023
16148034
16149001
16149002
16149003
16149004
16149005
16149006
16149007
16149008
16149009
16149010
16149011
16149012
16149013
16149014
16149015
16149021
16149022
16149023
16149024
16149025
16149026
16149044
16149048
16149049
16149050
16149051
16149052
16149053
16149054
16149055
16149056
16149057
16150001
16150002
16150003
16150004
16150005
16150010
16150011
16150012
16150013
16150014
16150015
16150016
16150017
16150018
16150019
16150020
16150021
16150022
16150023
16150024
16150025
16150042
16150043
16150044
16150045
16150046
16150047
16150048
16150049
16150050
16150051
16150052
16150053
16150054
16150055
16150056
16150057
16150058
16150059
16150060
16150061
16150062
16150065
16150066
16151001
16151002
16151003
16151004
16151005
16151006
16151010
16151021
16151022
16151023
16151024
16151025
16151026
16151027
16151028
16151029
16151030
16151031
16151032
16151034
16151035
16151036
16151041
16151042
16151043
16151044
16151045
16151046
16151047
16151048
16151049
16151050
16151051
16151052
16151053
16151054
16151055
16151056
16151057
16151058
16151059
16151060
16151062
16151063
16152007
16152008
16152009
16152018
16152019
16152020
16152021
16152022
16152023
16152024
16152025
16152028
16152029
16152030
16152031
16152032
16152033
16152034
16152035
16152036
16152043
16152045
16152046
16152047
16152048
16152049
16152050
16152051
16152052
16152053
16152054
16152055
16152056
16152057
16152058
16152059
16153001
16153002
16153007
16153008
16153009
16153010
16153011
16153012
16153013
16153014
16153015
16153016
16153017
16153018
16153019
16153020
16153021
16153022
16153032
16153033
16153034
16153035
16153036
16153038
16153039
16153040
16153041
16153042
16153043
16153044
16153045
16153046
16153047
16153048
16153049
16154003
16154004
16154005
16154006
16154007
16154008
16154009
16154010
16154011
16154012
16154021
16154022
16155001
16155002
16155003
16155004
16155005
16155006
16155007
16155008
16155009
16155010
16155011
16155012
16155013
16155014
16155015
16155016
16155017
16155018
16155019
16155020
16155028
16155029
16155030
16155031
16155032
16155033
16155034
16155035
16155036
16155037
16155038
16155039
16155040
16155041
16155042
16155043
16155044
16155045
16155046
16155047
16155048
16155049
16156004
16156005
16156006
16156007
16156008
16156009
16156010
16156011
16156012
16156013
16156014
16156015
16156016
16156017
16156018
16156019
16156020
16156021
16156022
16156023
16156028
16156030
16156031
16156032
16156033
16156034
16156035
16156043
16156045
16156048
16156049
16156050
16156051
16156052
16156053
16156054
16156055
16156056
16156057
16156059
16156060
16156061
16157004
16157005
16157006
16157007
16157010
16157011
16157012
16157013
16157014
16157015
16157016
16157017
16157018
16157019
16157020
16157021
16157022
16157023
16157024
16157025
16157026
16157027
16157028
16157035
16157036
16157037
16157038
16157039
16157040
16157042
16157043
16157044
16157045
16157046
16157047
16157048
16157049
16157050
16157051
16157059
16157062
16157063
16157064
16157065
16157066
16157067
16157068
16157069
16157070
16157071
16157072
16157073
16158001
16158002
16158003
16158004
16158005
16158006
16158014
16158015
16158016
16158017
16158018
16158019
16158020
16158021
16158022
16158023
16158024
16158025
16158026
16158027
16158028
16158029
16158030
16158031
16158032
16158033
16158034
16158035
16158039
16158042
16158043
16158044
16158045
16158046
16158047
16158048
16158049
16158050
16158051
16158052
16158060
16158061
16158062
16158063
16158064
16158065
16158066
16158069
16158070
16159001
16159002
16159003
16159004
16159005
16159009
16159010
16159011
16159012
16159013
16159014
16159015
16159017
16159018
16159019
16159020
16159022
16159023
16159024
16159025
16159030
16159037
16159038
16159040
16159044
16159045
16159046
16159047
16160014
16160015
16160016
16160018
16160019
16160020
16160022
16160023
16160024
16160025
16160026
16160027
16160028
16160029
16160030
16160031
16160032
16160033
16160034
16160035
16160038
16160039
16160040
16160041
16160042
16160043
16160044
16160051
16160052
16160053
16160054
16160055
16160056
16160057
16160058
16160059
16160060
16160061
16160062
16160063
16160064
16160065
16160066
16160067
16160068
16160069
16160070
16160071
16160072
16160075
16160076
16161036
16161037
16161038
16161039
16161040
16161041
16161042
16161043
16161044
16161045
16161046
16161047
16161048
16162001
16162002
16162003
16162004
16162005
16162006
16162007
16162008
16162009
16162012
16162013
16162014
16162015
16162016
16162017
16162018
16162020
16162021
16162022
16162023
16162024
16162025
16162026
16162027
16162028
16162029
16162030
16162031
16162040
16162041
16162042
16162043
16162044
16162045
16162046
16162047
16162048
16162049
16162050
16162051
16162052
16162053
16162054
16162055
16162056
16163003
16163004
16163005
16163006
16163007
16163008
16163009
16163010
16163011
16163012
16163013
16163014
16163015
16163016
16163017
16163018
16163019
16163020
16163023
16163024
16163032
16163037
16163039
16163040
16163041
16163042
16163043
16163044
16163045
16163051
16164003
16164004
16164005
16164006
16164007
16164008
16164009
16164010
16164011
16164012
16164013
16164014
16164015
16164016
16164017
16164018
16164019
16164020
16164022
16164023
16164024
16164025
16164026
16164027
16164028
16164029
16164030
16164031
16164032
16164033
16164034
16164035
16164036
16164037
16164038
16164039
16164040
16164041
16164042
16164043
16164055
16164056
16164057
16164059
16164060
16164061
16165001
16165002
16165003
16165008
16165009
16165010
16165011
16165012
16165013
16165014
16165015
16165016
16165017
16165018
16165019
16165020
16165021
16165022
16165023
16165024
16165025
16165026
16165027
16165030
16165031
16165032
16165033
16165034
16165035
16165036
16165037
16165038
16165039
16165040
16165041
16165042
16165043
16165044
16165045
16165046
16166007
16166008
16166009
16166010
16166011
16166012
16166013
16166014
16166015
16166016
16166017
16166018
16166019
16166020
16166021
16166022
16166023
16166024
16166025
16166042
16166043
16166044
16166045
16166046
16166047
16166048
16166049
16166050
16166051
16166052
16166054
16166058
16166059
16166062
16166063
16166064
16167001
16167002
16167003
16167010
16167011
16167012
16167013
16167014
16167015
16167016
16167017
16167018
16167019
16167020
16167021
16167022
16167023
16167024
16167025
16167026
16167028
16167029
16167030
16167031
16167032
16167033
16167034
16167035
16167036
16167064
16167067
16167069
16167071
16167073
16167074
16167075
16167077
16167078
16167079
16167080
16167081
16167082
16167083
16167084
16167085
16167086
16167087
16167088
16167089
16167091
16167092
16167093
16167095
16167096
16167097
16167098
16167099
16167100
16167101
16167102
16167104
16167105
16167106
16167107
16168005
16168006
16168007
16168008
16168009
16168010
16168011
16168030
16168031
16168032
16169001
16169002
16169003
16169004
16169005
16169006
16169007
16169008
16169009
16169010
16169011
16169012
16169013
16169014
16169015
16169016
16169017
16169018
16169019
16169020
16169021
16169022
16169023
16169024
16169025
16169030
16169031
16169032
16169033
16169034
16169035
16169036
16169037
16169038
16169039
16169040
16169041
16169042
16169049
16169050
16169051
16169052
16169053
16169054
16169055
16169058
16169059
16169060
16169061
16169062
16169083
16169084
16169085
16169086
16169087
16169088
16169089
16169090
16169091
16169092
16169093
16169094
16169095
16169096
16170011
16170012
16170013
16170014
16170016
16170017
16170018
16170024
16170025
16170030
16170031
16170035
16170036
16170037
16170038
16170039
16170040
16170041
16170042
16170043
16170044
16170045
16170046
16170047
16170048
16170049
16170050
16170051
16171001
16171002
16171003
16171005
16171006
16171007
16171008
16171009
16171010
16171011
16171012
16171013
16171014
16171015
16171016
16171017
16171019
16171021
16171025
16171026
16171027
16171028
16171029
16171030
16171033
16171034
16171035
16171036
16171037
16171038
16171039
16171040
16171041
16171042
